2.000000000000000000e+00 5.563876674670054018e+07
3.000000000000000000e+00 4.484302865513649583e+07
4.000000000000000000e+00 2.914482985588465258e+07
5.000000000000000000e+00 2.701758768422254547e+07
6.000000000000000000e+00 2.498802556243077293e+07
7.000000000000000000e+00 2.323799597032395750e+07
8.000000000000000000e+00 1.649073733524620347e+07
9.000000000000000000e+00 1.670925489072656073e+07
1.000000000000000000e+01 1.568305218313333392e+07
1.100000000000000000e+01 1.519884552545881458e+07
1.200000000000000000e+01 9.050561491897571832e+06
1.300000000000000000e+01 8.825795886915143579e+06
1.400000000000000000e+01 8.559683701771773398e+06
1.500000000000000000e+01 8.334861993438441306e+06
1.600000000000000000e+01 7.407925719845997170e+06
1.700000000000000000e+01 6.491311255642000586e+06
1.800000000000000000e+01 7.338558719122757204e+06
1.900000000000000000e+01 7.067444486395600252e+06
2.000000000000000000e+01 6.842458337993386202e+06
2.100000000000000000e+01 5.838871893044166267e+06
2.200000000000000000e+01 4.768038827099853195e+06
2.300000000000000000e+01 4.503520340600512922e+06
2.400000000000000000e+01 4.539361437824673951e+06
2.500000000000000000e+01 4.248105054615043104e+06
2.600000000000000000e+01 4.380866959402298555e+06
2.700000000000000000e+01 3.943289815105100162e+06
2.800000000000000000e+01 3.779931239997536875e+06
2.900000000000000000e+01 3.720043467345078476e+06
3.000000000000000000e+01 3.926854586958910339e+06
3.100000000000000000e+01 3.670509400089950766e+06
3.200000000000000000e+01 3.659472136402952019e+06
3.300000000000000000e+01 3.639924921537264716e+06
3.400000000000000000e+01 3.427051648099007551e+06
3.500000000000000000e+01 3.447256729635044467e+06
3.600000000000000000e+01 3.474135493069843389e+06
3.700000000000000000e+01 3.324436372834280133e+06
3.800000000000000000e+01 3.119743115823513828e+06
3.900000000000000000e+01 2.877679251982408110e+06
4.000000000000000000e+01 2.786492689904461615e+06
4.100000000000000000e+01 2.759752570275123697e+06
4.200000000000000000e+01 2.658341228201938793e+06
4.300000000000000000e+01 2.530878700730897021e+06
4.400000000000000000e+01 2.413026252190548461e+06
4.500000000000000000e+01 2.328473153397365008e+06
4.600000000000000000e+01 2.440918789344487712e+06
4.700000000000000000e+01 2.443531910101707093e+06
4.800000000000000000e+01 2.250912708934940863e+06
4.900000000000000000e+01 2.071812835940668359e+06
