2.000000000000000000e+00 9.639141474725648751e-01
3.000000000000000000e+00 7.728793958102778694e-01
4.000000000000000000e+00 7.874526119888666242e-01
5.000000000000000000e+00 4.590468227824870406e-01
6.000000000000000000e+00 5.123285835558520906e-01
7.000000000000000000e+00 5.128601884529008226e-01
8.000000000000000000e+00 5.145478139659752648e-01
9.000000000000000000e+00 2.535916522690432329e-01
1.000000000000000000e+01 3.414543177740959612e-01
1.100000000000000000e+01 3.561800117890438488e-01
1.200000000000000000e+01 3.746592643591870053e-01
1.300000000000000000e+01 3.694109603376128925e-01
1.400000000000000000e+01 3.695900147330588581e-01
1.500000000000000000e+01 3.687724275351270675e-01
1.600000000000000000e+01 3.688285996059495475e-01
1.700000000000000000e+01 2.399734895640438237e-01
1.800000000000000000e+01 2.403902999942256480e-01
1.900000000000000000e+01 2.781012859064904141e-01
2.000000000000000000e+01 2.722724099681431698e-01
2.100000000000000000e+01 3.604184022258398734e-01
2.200000000000000000e+01 3.766472615081949971e-01
2.300000000000000000e+01 3.761668576156525501e-01
2.400000000000000000e+01 3.787049312593582240e-01
2.500000000000000000e+01 3.648413479111643487e-01
2.600000000000000000e+01 3.640157723560057401e-01
2.700000000000000000e+01 3.798950758369050718e-01
2.800000000000000000e+01 3.795688717852120364e-01
2.900000000000000000e+01 3.805778489026395150e-01
3.000000000000000000e+01 3.798183014712960270e-01
3.100000000000000000e+01 2.942630779644961891e-01
3.200000000000000000e+01 2.827847378259147337e-01
3.300000000000000000e+01 2.860578428046749444e-01
3.400000000000000000e+01 2.808052069159668873e-01
3.500000000000000000e+01 2.667994240643186687e-01
3.600000000000000000e+01 2.849477538585222791e-01
3.700000000000000000e+01 2.905004074215867260e-01
3.800000000000000000e+01 2.825358615024783360e-01
3.900000000000000000e+01 2.961930895103178085e-01
4.000000000000000000e+01 2.961017314726712146e-01
4.100000000000000000e+01 2.932242811461595045e-01
4.200000000000000000e+01 2.921047708923294461e-01
4.300000000000000000e+01 2.893943783098332778e-01
4.400000000000000000e+01 2.868050251082182034e-01
4.500000000000000000e+01 2.951358207232825936e-01
4.600000000000000000e+01 2.926435139775187544e-01
4.700000000000000000e+01 2.885024642468554390e-01
4.800000000000000000e+01 2.942891503077502136e-01
4.900000000000000000e+01 2.897145248004268092e-01
