2.000000000000000000e+00 9.647642303840422429e-01
3.000000000000000000e+00 9.663741450286726931e-01
4.000000000000000000e+00 8.562310055202722037e-01
5.000000000000000000e+00 7.747257374213706305e-01
6.000000000000000000e+00 7.931221487890819377e-01
7.000000000000000000e+00 8.203049646701335851e-01
8.000000000000000000e+00 6.511656733025148469e-01
9.000000000000000000e+00 5.867440222955769835e-01
1.000000000000000000e+01 7.067501598910095328e-01
1.100000000000000000e+01 5.830231969998752595e-01
1.200000000000000000e+01 6.365361424934279366e-01
1.300000000000000000e+01 6.898669587625326782e-01
1.400000000000000000e+01 5.577955920859365424e-01
1.500000000000000000e+01 5.277218454650012269e-01
1.600000000000000000e+01 4.865100665254593060e-01
1.700000000000000000e+01 4.812536685431567096e-01
1.800000000000000000e+01 5.288427986855479546e-01
1.900000000000000000e+01 5.537471899251641405e-01
2.000000000000000000e+01 5.122538643595108132e-01
2.100000000000000000e+01 4.943669114060179615e-01
2.200000000000000000e+01 4.558289350879664026e-01
2.300000000000000000e+01 5.049539929875422883e-01
2.400000000000000000e+01 4.551718869664097555e-01
2.500000000000000000e+01 4.528159877487913376e-01
2.600000000000000000e+01 5.037190559740346574e-01
2.700000000000000000e+01 4.504269827516003688e-01
2.800000000000000000e+01 4.990596495963094958e-01
2.900000000000000000e+01 4.625849524061962925e-01
3.000000000000000000e+01 4.684157024634926780e-01
3.100000000000000000e+01 4.784218471191713506e-01
3.200000000000000000e+01 3.998522268479211550e-01
3.300000000000000000e+01 4.630630415131911093e-01
3.400000000000000000e+01 4.491806487780971024e-01
3.500000000000000000e+01 4.570030520886366188e-01
3.600000000000000000e+01 4.504299035591759481e-01
3.700000000000000000e+01 3.936896083315120642e-01
3.800000000000000000e+01 4.087641066538793555e-01
3.900000000000000000e+01 4.137237300467882517e-01
4.000000000000000000e+01 4.475567926604080427e-01
4.100000000000000000e+01 4.327246110040716687e-01
4.200000000000000000e+01 3.767691094122183615e-01
4.300000000000000000e+01 4.168602338428355480e-01
4.400000000000000000e+01 4.090382140020520918e-01
4.500000000000000000e+01 4.073535271192278429e-01
4.600000000000000000e+01 4.198224790830747399e-01
4.700000000000000000e+01 4.044406804946439338e-01
4.800000000000000000e+01 4.045306465355221204e-01
4.900000000000000000e+01 4.087920768587967046e-01
