2.000000000000000000e+00 5.564711205430558324e+07
3.000000000000000000e+00 3.776997682775046676e+07
4.000000000000000000e+00 3.451061007270382345e+07
5.000000000000000000e+00 2.276952989826063812e+07
6.000000000000000000e+00 1.840445471406855062e+07
7.000000000000000000e+00 1.349178064589783922e+07
8.000000000000000000e+00 1.183341393235611171e+07
9.000000000000000000e+00 9.853992005573045462e+06
1.000000000000000000e+01 9.183916587311953306e+06
1.100000000000000000e+01 7.988504136064660735e+06
1.200000000000000000e+01 7.833647715928557329e+06
1.300000000000000000e+01 6.296976973247000948e+06
1.400000000000000000e+01 6.462431961778120138e+06
1.500000000000000000e+01 5.942611766715535894e+06
1.600000000000000000e+01 5.170071500210877508e+06
1.700000000000000000e+01 4.771229696886495687e+06
1.800000000000000000e+01 4.845521161386296153e+06
1.900000000000000000e+01 4.126583824698901270e+06
2.000000000000000000e+01 4.054447508454545867e+06
2.100000000000000000e+01 3.958429776783428621e+06
2.200000000000000000e+01 3.607633265712534543e+06
2.300000000000000000e+01 3.623072962799608242e+06
2.400000000000000000e+01 3.418535050759832840e+06
2.500000000000000000e+01 4.237417982263041660e+06
2.600000000000000000e+01 3.067997700717473403e+06
2.700000000000000000e+01 3.059115130561241880e+06
2.800000000000000000e+01 3.182406083647218533e+06
2.900000000000000000e+01 2.758566273778926581e+06
3.000000000000000000e+01 2.826715175203775987e+06
3.100000000000000000e+01 2.636052757081266493e+06
3.200000000000000000e+01 2.606803872335409746e+06
3.300000000000000000e+01 2.548135214927987196e+06
3.400000000000000000e+01 2.441438511236651335e+06
3.500000000000000000e+01 2.286959888990010135e+06
3.600000000000000000e+01 2.398554907249439042e+06
3.700000000000000000e+01 2.144776072017551400e+06
3.800000000000000000e+01 2.208071264325423166e+06
3.900000000000000000e+01 2.097009723064798629e+06
4.000000000000000000e+01 2.034452560076908674e+06
4.100000000000000000e+01 1.946412267750415951e+06
4.200000000000000000e+01 1.864689940024418989e+06
4.300000000000000000e+01 1.925503977431428153e+06
4.400000000000000000e+01 1.865931819368577562e+06
4.500000000000000000e+01 1.848781340730431955e+06
4.600000000000000000e+01 1.698060171336236410e+06
4.700000000000000000e+01 1.673979915069625014e+06
4.800000000000000000e+01 1.634394684935885016e+06
4.900000000000000000e+01 1.630500089917425066e+06
