2.000000000000000000e+00 7.407849218628454208e+07
3.000000000000000000e+00 6.193499167249895632e+07
4.000000000000000000e+00 4.125104561017403007e+07
5.000000000000000000e+00 3.883286310647264123e+07
6.000000000000000000e+00 2.816684233057849482e+07
7.000000000000000000e+00 2.362736906650921702e+07
8.000000000000000000e+00 2.099710048317588493e+07
9.000000000000000000e+00 2.057183622590303048e+07
1.000000000000000000e+01 1.949784801182981580e+07
1.100000000000000000e+01 1.727890943980589509e+07
1.200000000000000000e+01 1.685815984283265844e+07
1.300000000000000000e+01 1.231667825426247343e+07
1.400000000000000000e+01 1.232858588338691741e+07
1.500000000000000000e+01 1.070511677293208614e+07
1.600000000000000000e+01 1.061292286745580658e+07
1.700000000000000000e+01 1.053456518278753571e+07
1.800000000000000000e+01 1.040235229068829492e+07
1.900000000000000000e+01 1.015144367925480194e+07
2.000000000000000000e+01 9.613723763195257634e+06
2.100000000000000000e+01 8.243997077366522513e+06
2.200000000000000000e+01 7.671948720082756132e+06
2.300000000000000000e+01 7.350235173911131918e+06
2.400000000000000000e+01 6.721077460028404370e+06
2.500000000000000000e+01 6.475534254535879940e+06
2.600000000000000000e+01 6.488576213329749182e+06
2.700000000000000000e+01 6.210442626969135366e+06
2.800000000000000000e+01 5.244257717897408642e+06
2.900000000000000000e+01 5.170660334390022792e+06
3.000000000000000000e+01 5.262363858223885298e+06
3.100000000000000000e+01 4.823520925355752930e+06
3.200000000000000000e+01 4.739115139097734354e+06
3.300000000000000000e+01 4.730088236778731458e+06
3.400000000000000000e+01 4.748218344554781914e+06
3.500000000000000000e+01 4.518181600492823869e+06
3.600000000000000000e+01 4.326226102324246429e+06
3.700000000000000000e+01 4.032773344940040261e+06
3.800000000000000000e+01 3.963822427112301346e+06
3.900000000000000000e+01 3.800265280256346799e+06
4.000000000000000000e+01 3.819656097859747708e+06
4.100000000000000000e+01 3.636703226028787438e+06
4.200000000000000000e+01 3.566529729779062793e+06
4.300000000000000000e+01 3.549099187506378163e+06
4.400000000000000000e+01 3.378301537534186617e+06
4.500000000000000000e+01 3.297235710402209312e+06
4.600000000000000000e+01 3.244535490845073480e+06
4.700000000000000000e+01 3.156966440321133938e+06
4.800000000000000000e+01 3.108399319397818297e+06
4.900000000000000000e+01 3.058057767539583612e+06
