2.000000000000000000e+00 9.644665350833490081e-01
3.000000000000000000e+00 7.724422225735404490e-01
4.000000000000000000e+00 7.836006773830085370e-01
5.000000000000000000e+00 4.383087691293973132e-01
6.000000000000000000e+00 4.963651280143332456e-01
7.000000000000000000e+00 5.004676718565197469e-01
8.000000000000000000e+00 5.007506321482705358e-01
9.000000000000000000e+00 2.489437135103230447e-01
1.000000000000000000e+01 3.223073200582725617e-01
1.100000000000000000e+01 3.421378693112886449e-01
1.200000000000000000e+01 3.391606010615416666e-01
1.300000000000000000e+01 3.434190183939417884e-01
1.400000000000000000e+01 3.445837503568773830e-01
1.500000000000000000e+01 3.440279169789992597e-01
1.600000000000000000e+01 3.438642519188641611e-01
1.700000000000000000e+01 2.169316763006816917e-01
1.800000000000000000e+01 2.267855205484295977e-01
1.900000000000000000e+01 2.236646492869775737e-01
2.000000000000000000e+01 2.495380835464791891e-01
2.100000000000000000e+01 3.515989930411262954e-01
2.200000000000000000e+01 3.600861000658047706e-01
2.300000000000000000e+01 2.892576339779139860e-01
2.400000000000000000e+01 2.906456578553862080e-01
2.500000000000000000e+01 2.925381304316376219e-01
2.600000000000000000e+01 2.910592971227412007e-01
2.700000000000000000e+01 2.913152245249918115e-01
2.800000000000000000e+01 2.909951434143271953e-01
2.900000000000000000e+01 2.634311644118237927e-01
3.000000000000000000e+01 2.405109765898844898e-01
3.100000000000000000e+01 2.751269857945730646e-01
3.200000000000000000e+01 3.020385211011621940e-01
3.300000000000000000e+01 2.870193838112887752e-01
3.400000000000000000e+01 3.041633047871795115e-01
3.500000000000000000e+01 3.074245533352685800e-01
3.600000000000000000e+01 3.191797352567559143e-01
3.700000000000000000e+01 3.173957074098142650e-01
3.800000000000000000e+01 3.128464893211119757e-01
3.900000000000000000e+01 3.115932354269344007e-01
4.000000000000000000e+01 3.159285642990994347e-01
4.100000000000000000e+01 3.127431554769006805e-01
4.200000000000000000e+01 3.106683585125435965e-01
4.300000000000000000e+01 3.162906508476781009e-01
4.400000000000000000e+01 3.166943754587155380e-01
4.500000000000000000e+01 3.155657169170750787e-01
4.600000000000000000e+01 3.196845569440125434e-01
4.700000000000000000e+01 3.099947266865824003e-01
4.800000000000000000e+01 3.165811297729183571e-01
4.900000000000000000e+01 3.163574122396237143e-01
