2.000000000000000000e+00 9.954830260613479753e-01
3.000000000000000000e+00 9.561726761795136253e-01
4.000000000000000000e+00 8.743390095678813534e-01
5.000000000000000000e+00 7.848233920572716960e-01
6.000000000000000000e+00 8.263577298936995996e-01
7.000000000000000000e+00 8.117127520664235707e-01
8.000000000000000000e+00 7.329320674037632655e-01
9.000000000000000000e+00 6.218119391069784063e-01
1.000000000000000000e+01 6.583245586520901638e-01
1.100000000000000000e+01 5.723135954866657160e-01
1.200000000000000000e+01 6.326199332351444271e-01
1.300000000000000000e+01 5.585914048856762681e-01
1.400000000000000000e+01 5.990032674844286698e-01
1.500000000000000000e+01 6.103910956241886954e-01
1.600000000000000000e+01 6.124446965075117655e-01
1.700000000000000000e+01 5.820280584819864655e-01
1.800000000000000000e+01 5.611257424735565102e-01
1.900000000000000000e+01 5.609210075062379675e-01
2.000000000000000000e+01 4.779702543219437882e-01
2.100000000000000000e+01 4.045776845054812609e-01
2.200000000000000000e+01 4.814349850040079981e-01
2.300000000000000000e+01 4.705545164683002657e-01
2.400000000000000000e+01 4.776065529552874223e-01
2.500000000000000000e+01 4.342742491424823603e-01
2.600000000000000000e+01 4.948168338127956756e-01
2.700000000000000000e+01 4.869256572880955591e-01
2.800000000000000000e+01 4.424052479602600396e-01
2.900000000000000000e+01 4.845518624496137905e-01
3.000000000000000000e+01 4.776532706145939500e-01
3.100000000000000000e+01 4.543320408785673781e-01
3.200000000000000000e+01 4.596648661792713253e-01
3.300000000000000000e+01 4.530558945057581721e-01
3.400000000000000000e+01 4.429678355823066238e-01
3.500000000000000000e+01 4.580366224106423578e-01
3.600000000000000000e+01 3.880843484420228862e-01
3.700000000000000000e+01 4.731701811794105095e-01
3.800000000000000000e+01 4.302609006796700442e-01
3.900000000000000000e+01 4.496798776871770431e-01
4.000000000000000000e+01 4.232316767235239086e-01
4.100000000000000000e+01 3.955488250234415193e-01
4.200000000000000000e+01 4.321727481673918181e-01
4.300000000000000000e+01 4.232698731222212518e-01
4.400000000000000000e+01 4.743909532150167863e-01
4.500000000000000000e+01 4.360654092029371820e-01
4.600000000000000000e+01 4.231996678374139176e-01
4.700000000000000000e+01 4.264545430207580257e-01
4.800000000000000000e+01 4.356233704835811849e-01
4.900000000000000000e+01 4.312652630934353803e-01
