2.000000000000000000e+00 7.407980876544430852e+07
3.000000000000000000e+00 5.248553347519727051e+07
4.000000000000000000e+00 4.233299370729378611e+07
5.000000000000000000e+00 3.822418313301534206e+07
6.000000000000000000e+00 3.256078602808888257e+07
7.000000000000000000e+00 2.052152388513531536e+07
8.000000000000000000e+00 1.895359666996131837e+07
9.000000000000000000e+00 1.590260527254448459e+07
1.000000000000000000e+01 1.603276204487772286e+07
1.100000000000000000e+01 1.178206248573882319e+07
1.200000000000000000e+01 1.118817207607704774e+07
1.300000000000000000e+01 1.127057702476395667e+07
1.400000000000000000e+01 8.951447266015948728e+06
1.500000000000000000e+01 8.094378218115028925e+06
1.600000000000000000e+01 7.477318441437088884e+06
1.700000000000000000e+01 7.192478925653934479e+06
1.800000000000000000e+01 7.142925103210070170e+06
1.900000000000000000e+01 6.254002422243315727e+06
2.000000000000000000e+01 5.536820282851978205e+06
2.100000000000000000e+01 5.236351521564176306e+06
2.200000000000000000e+01 5.420865787536532618e+06
2.300000000000000000e+01 5.039259190352522768e+06
2.400000000000000000e+01 5.205914840549591929e+06
2.500000000000000000e+01 4.990511158445943147e+06
2.600000000000000000e+01 4.260330663396278396e+06
2.700000000000000000e+01 4.686325857909884304e+06
2.800000000000000000e+01 3.895562567481487989e+06
2.900000000000000000e+01 4.074293302968900185e+06
3.000000000000000000e+01 4.223744275458181277e+06
3.100000000000000000e+01 4.098778694140621927e+06
3.200000000000000000e+01 3.490889150106027722e+06
3.300000000000000000e+01 3.198030323069397360e+06
3.400000000000000000e+01 3.470288481278582942e+06
3.500000000000000000e+01 3.122896899963378441e+06
3.600000000000000000e+01 3.151937009193018544e+06
3.700000000000000000e+01 3.275297377193680499e+06
3.800000000000000000e+01 2.973968150689688046e+06
3.900000000000000000e+01 2.918503893417254556e+06
4.000000000000000000e+01 2.729737904998688959e+06
4.100000000000000000e+01 2.650128380500578322e+06
4.200000000000000000e+01 2.541652805589759722e+06
4.300000000000000000e+01 2.706336432996376418e+06
4.400000000000000000e+01 2.471705544911894947e+06
4.500000000000000000e+01 2.346369224107890390e+06
4.600000000000000000e+01 2.311616623267903458e+06
4.700000000000000000e+01 2.288713439407591708e+06
4.800000000000000000e+01 2.102823905741296709e+06
4.900000000000000000e+01 2.443289182598724961e+06
